0.750977 0.876953 0.0292969 0.0273438 0.62824
0.728516 0.881836 0.0390625 0.0371094 0.692844
0.181641 0.532227 0.0351562 0.0332031 0.693723
0.0458984 0.643555 0.0371094 0.0371094 0.694763
0.498047 0.447266 0.0273438 0.03125 0.697414
0.819336 0.953125 0.0449219 0.0390625 0.701328
0.186523 0.373047 0.0332031 0.0351562 0.719069
0.100586 0.942383 0.0332031 0.0292969 0.719498
0.383789 0.318359 0.0332031 0.03125 0.719534
0.932617 0.015625 0.0644531 0.03125 0.721781
0.605469 0.140625 0.03125 0.03125 0.727494
0.540039 0.213867 0.0292969 0.0292969 0.728108
0.540039 0.785156 0.0332031 0.03125 0.730987
0.90332 0.782227 0.0683594 0.0605469 0.731502
0.206055 0.246094 0.0292969 0.03125 0.731792
0.608398 0.966797 0.0332031 0.03125 0.731929
0.430664 0.293945 0.0410156 0.0371094 0.733013
0.793945 0.762695 0.0292969 0.0292969 0.733791
0.0566406 0.902344 0.0390625 0.0351562 0.73867
0.433594 0.46875 0.0351562 0.03125 0.741869
0.570312 0.666016 0.0351562 0.0351562 0.742185
0.477539 0.556641 0.0527344 0.0429688 0.743826
0.177734 0.186523 0.0664062 0.0527344 0.744242
0.0859375 0.12793 0.0351562 0.0332031 0.744547
0.71875 0.831055 0.0546875 0.0449219 0.747317
0.654297 0.511719 0.03125 0.03125 0.748
0.527344 0.452148 0.03125 0.0292969 0.749354
0.0791016 0.515625 0.0722656 0.0546875 0.74943
0.417969 0.174805 0.0429688 0.0410156 0.750036
0.713867 0.530273 0.0332031 0.0292969 0.750841
0.563477 0.456055 0.0292969 0.0292969 0.751587
0.355469 0.419922 0.0664062 0.0507812 0.754606
0.576172 0.566406 0.0546875 0.046875 0.760288
0.935547 0.262695 0.0429688 0.0410156 0.76485
0.0908203 0.910156 0.0292969 0.0273438 0.766509
0.683594 0.608398 0.03125 0.0292969 0.770257
